1
3540
268
2
2590
211
3
1230
359
4
2300
143
5
1470
116
6
1040
372
7
2880
188
8
1560
157
9
1180
390
10
2610
250
11
2490
376
12
1160
313
13
1720
213
14
1500
138
15
1210
373
16
2360
263
17
170
253
18
1060
368
19
2760
281
20
2480
232
21
1230
360
22
1730
177
23
1870
224
24
1280
392
25
1000
397
26
2930
112
27
1050
350
28
1370
191
29
1590
251
30
1490
396
31
2580
144
32
2690
207
33
1310
383
34
3220
358
35
2200
288
36
1010
287
37
3360
181
38
1540
279
39
1300
399
40
3160
281
41
1630
322
42
1000
282
43
2350
289
44
1670
198
45
1450
367
46
2660
294
47
2240
190
48
1250
363
49
2480
361
50
1530
279
51
3090
138
52
1440
379
53
2510
228
54
1290
324
55
1920
304
56
1080
290
57
3680
252
58
1060
290
59
1420
132
60
1340
376
61
1400
215
62
1270
393
63
1990
319
64
1120
389
65
2940
175
66
1160
325
67
3450
217
68
1040
390
69
2500
219
70
1390
375